episodes: 500
bins_per_dimension: 10
n_actions: 3
alpha: 0.1
gamma: 0.99
epsilon_final: 0.07341467529625044
total_states: 1000000
avg_reward_last_20: 122.80977533916226
